415.6452815
175.0741627
164.6745570
95.4315563
408.9278999
105.4103695
324.7466915
392.3901120
89.8369835
223.4402886
129.2810092
296.8870068
59.7972987
302.8152025
119.8365165
170.3586107
412.1648023
397.4450474
638.6778019
2.5254297
65.0525357
120.4163952
164.2878225
162.0421391
62.2407876
485.7759403
113.5830272
104.2766638
183.5845101
225.6550332
122.5128635
535.6016486
198.8542586
418.5126422
528.1420264
280.8404077
215.8420442
299.6857096
277.4635111
670.4059388
423.5849699
74.3575048
77.1134367
203.1290732
22.0420398
4.7349198
363.1221836
132.9353788
308.9595443
691.1696066
316.4102548
4.6361861
131.7782467
564.9285075
189.8007940
294.4240607
709.5971093
709.3471299
31.3255181
540.4152581
273.0066545
133.0973917
527.6783977
276.5096133
459.2929349
308.4921920
87.8519661
524.5004046
211.3405919
48.6158740
523.5239195
544.6839930
651.1402598
250.2367373
632.4653160
183.4905875
65.9768702
267.4698844
406.6840066
133.8425035
812.8696082
552.7726895
177.5863624
161.9370689
107.6076429
319.2340987
172.8506953
452.3279423
660.2366997
70.1557415
348.9684800
141.8336959
474.8253616
19.1815748
381.2447448
357.6866342
739.3269733
279.8940120
201.5589244
384.7314560
107.2954933
313.7530876
265.8386662
174.9241401
126.5456112
561.4596966
72.1744634
158.6154591
198.4157043
177.5430824
469.6916373
459.6029509
310.6560441
167.3982548
314.7358008
491.2371583
204.9072605
170.2354240
405.0209871
276.2582437
471.0024422
483.8439870
452.2674814
629.5151975
201.1985693
16.2218146
154.9769460
440.6418681
587.6339685
228.7933030
188.3344002
265.5743286
524.3566129
481.1899696
342.1895998
359.6035497
418.1420486
625.0089386
355.0482552
203.8837591
649.3527547
431.7545431
309.6972054
416.3766368
225.6031211
710.0056315
190.3342437
141.6806262
331.4447462
687.1041711
116.1973590
296.2618126
392.2181488
114.9423303
105.0875863
311.5886486
289.1921500
163.8519440
139.9367409
731.9383811
373.6602735
37.4010213
873.6295745
193.7334126
476.0234777
838.3685333
655.4104793
91.8271775
43.1726124
167.4118101
305.5309469
134.4023178
179.7475721
208.1806574
298.9817502
260.8857617
204.2573284
101.9912187
339.7038244
215.2167398
589.6781208
242.3758552
380.7650707
652.9288118
29.4730821
354.4724310
624.2635661
136.5928953
380.2003665
803.8035335
283.4909381
250.4879691
156.3248324
381.9125555
150.6362500
198.7357936
785.6908836
304.1792235
387.6144992
602.7107264
368.0610718
424.9855846
198.4234618
703.9591206
270.8995268
60.4830977
228.5337301
286.0797327
376.4184074
99.7752378
594.2645705
211.1729149
47.9857369
277.6322576
387.3488805
90.7034677
293.7304976
86.6078487
562.3674589
61.5361908
544.9645680
392.4386343
90.1851147
345.1515817
407.0651054
26.4742340
426.9662994
132.4440408
384.0495528
479.9289177
340.9609764
671.2421322
791.3463212
203.8817728
79.1081116
362.7422927
673.3930543
625.5950738
174.4325857
540.2749300
533.5716287
396.1065403
633.0106425
136.6362886
31.4647639
123.3045915
515.5727880
137.3627621
505.6243665
269.1102307
586.4881017
582.1452414
681.8065647
323.1299815
901.3241423
408.2614100
584.2384205
172.3278800
359.5152887
39.9519118
459.3760566
359.0343708
323.6462091
211.2392393
84.3519783
308.8861535
422.6595417
59.0673579
634.9691947
144.5045942
523.7604529
374.5640182
629.3185921
120.8234906
230.2919109
195.0943062
404.1361921
639.4632850
355.5204117
454.0153960
372.1278208
367.6033379
323.5981607
288.5503264
98.6616579
282.7169373
199.5340220
374.1429372
213.9545641
306.2040497
568.0713930
178.2033602
461.7995933
59.0771533
296.7417684
245.7892242
277.6601614
327.6492027
337.6465401
239.4698178
314.4747979
246.8400292
274.0299288
445.8459355
342.8879457
83.7685235
170.7915641
405.7618872
117.0137793
254.0314941
183.2772388
5.3371776
537.2619625
681.8673252
456.2367051
57.9979505
472.4725358
352.3296249
539.3663482
67.0880064
359.3815668
372.0685917
401.0638287
375.3084078
264.9268400
623.9118528
392.8314595
342.5400511
292.0667722
346.9948531
50.2267443
253.8652982
211.2496137
204.6577841
3.0820747
135.4752495
151.9159038
352.1472304
377.3342319
511.2081717
375.1926507
217.0492320
452.4905522
96.9092827
321.6832078
524.9062777
285.7907669
34.3326278
296.6065753
422.1314961
404.1981231
352.6781000
669.3510038
459.7391216
343.1190986
56.6952474
126.9659350
81.1291115
306.5326107
485.7935988
264.3392430
591.2115710
228.4730111
716.8779689
83.6976048
0.9514641
110.6718022
374.0388725
743.4446039
244.8039889
427.6465270
194.1467579
140.1552097
313.4850440
119.4812249
336.5352879
87.6548976
362.9188943
50.7808153
474.4673261
323.4175152
118.4539604
376.6099286
193.8061888
400.5357467
326.7371345
437.2728013
706.7034900
299.0051021
251.1650726
980.0941871
182.0018259
335.9845960
421.9741280
37.9680206
284.8466459
438.4558794
438.6495036
165.8042555
292.8788145
99.0731647
89.2234171
311.8714566
542.4311811
309.2602594
221.5090767
261.2701106
459.5701352
578.7408747
288.2716642
176.5428420
435.2223726
226.2693424
207.4591632
385.2583549
188.4053705
727.0405587
275.2022417
16.3322491
361.0803235
194.2370420
165.0892440
225.9900361
288.0402052
441.4664380
283.4134671
164.3063630
5.6404211
21.7913788
361.9029305
343.6294185
20.2965491
330.7703131
177.3959155
79.0809991
352.4366144
234.8850783
74.8189370
621.7387107
88.2281926
282.0550839
168.5300898
80.9080219
34.3714663
242.9341475
228.9406546
178.1980980
150.2155292
788.7414025
342.4335174
337.1111668
679.2851016
611.7344195
469.1372058
337.4344838
311.1328232
192.5894646
80.4181381
27.0048253
433.7144228
318.1502832
595.2530379
20.5552608
151.3687819
370.9501314
204.1307245
431.5636875
732.4260156
123.4035346
103.5998939
141.1725331
371.2925373
95.4837303
19.8191675
875.0434275
66.5510410
354.6348663
433.0249527
117.6834954
632.9776639
220.5893182
115.2983848
202.6754648
98.5708074
30.6812393
524.7165232
138.5984807
133.2983540
335.1470948
43.7746292
136.0026127
67.3710235
29.2554615
430.1479554
393.8133577
92.9200297
666.9815214
203.6167325
257.4174183
124.3591793
302.8858459
375.2800495
401.4610816
463.2088111
28.9673521
107.6354416
198.3586700
127.5532974
163.5061229
372.5222712
218.2845918
179.3920299
221.7608621
216.4892982
624.5120975
216.8988871
136.4362254
801.0663428
425.0782621
241.5320481
343.1034813
242.2924553
124.0399457
109.3673062
66.1887043
102.3804460
252.3735453
25.9584657
261.0383114
212.0064724
461.2912445
445.1631628
417.1888132
452.2604258
28.8605763
272.7668262
247.8609440
366.2062261
355.0466111
288.9619174
267.6279839
43.2877546
313.5029915
512.4623275
426.9098266
415.6705426
154.3978157
770.0426866
322.2239305
486.5448506
92.9245286
69.3253201
13.4714098
201.3703231
421.1951271
220.0618142
515.3876224
341.3136242
749.7932708
833.2326996
602.5509773
427.7463271
200.7024582
429.8276140
181.3400185
372.9128585
449.7317260
569.2644377
150.1943872
44.6499919
55.7261640
296.3365597
164.8570708
158.8122831
621.3050636
122.7130073
230.9972719
142.2829554
63.9239299
444.5077304
292.0731399
615.7543085
632.3039088
159.1857659
489.8076499
43.1855737
237.1120268
611.7396833
276.6716017
565.0442461
69.8958364
197.1749773
116.0502067
446.3384098
72.6514524
298.0922510
183.7397441
839.6654096
135.7982555
705.8837036
314.4475151
175.5363210
265.0035099
629.2526912
176.1255793
525.7599984
489.8505987
195.3350949
314.5854415
282.3851461
599.3603715
288.7775741
361.3509232
437.2587616
31.2882374
30.9352534
581.6751197
610.6807677
7.6676308
443.1691544
363.4258966
349.7396010
126.7457226
643.2013111
747.4456502
57.0278342
873.7945983
286.0735849
315.8098632
403.4767856
501.7475719
210.3105500
273.9963984
356.1791040
429.0312459
120.0016688
404.7667517
295.2828274
139.2848569
369.5470200
554.5570018
294.6987308
141.2100897
15.8981084
513.5815417
641.5179260
538.9955110
60.8151923
47.6871538
12.5778768
178.6462062
284.1229811
540.1750004
213.2915380
59.4503082
341.3899139
288.4904680
104.9716947
339.1176707
170.0217191
473.9675080
290.5380199
284.6360861
357.4492971
366.4433727
55.7159637
404.4484750
8.4255258
342.4099389
799.4939798
695.0568633
493.1716388
87.0237783
275.9578306
36.7081296
213.5709912
412.9389372
454.0734322
403.6195511
46.6275205
109.1471659
542.7983051
239.4331267
151.0706162
68.8643658
603.0526562
70.2094083
213.2660291
410.6051120
475.0431559
136.8057953
169.9819453
343.9115636
336.1744568
370.7663605
175.8425912
457.0353242
200.3976643
180.5583686
174.8084666
452.5894423
123.8163183
374.6721236
412.6493790
365.2859091
165.3055285
439.0182229
351.1986532
204.8692834
425.9519961
407.0271269
328.4965753
147.4490035
463.9034377
60.2953033
196.3109949
370.6966830
907.7943575
387.1116747
372.4350849
392.5111452
384.1432609
84.3682405
562.7754709
169.6385116
240.7558661
270.2623655
246.4769372
147.2379451
125.5149749
496.1784760
325.5325714
407.0569108
271.4016289
598.0217387
124.1225895
167.5285687
598.3979725
86.2522561
286.2645185
111.7435821
280.0278618
312.6797174
569.1890018
434.3466358
81.1543260
360.1986827
856.7256245
830.7661116
469.1261586
334.7973379
629.7630739
319.6993174
276.2906043
289.7792263
360.7626463
82.6726104
546.4381863
329.1882271
58.1134158
751.3311476
140.2073223
333.0514285
399.5509980
152.6865407
144.6456653
90.4824129
484.4779157
268.7893254
29.7221589
593.6573086
404.5659723
172.7181982
57.9135971
316.7772547
263.7873145
837.4603954
200.2055554
126.0509575
846.6393883
163.0151261
246.6372468
348.5589389
752.6433232
131.9900155
149.2217949
134.7187368
460.7669146
263.6423674
232.1905932
552.9533854
254.9045822
438.4064881
658.8406298
552.8690250
621.0293063
407.9298524
506.7344559
60.5685386
380.0257038
262.5706701
650.4888276
73.5800875
147.6642555
191.4201660
286.4897370
459.5469064
252.2908303
373.7432274
78.0964743
425.4699172
205.7317549
3.6025768
26.9399010
512.5879279
358.1745385
587.1859756
654.5229852
127.1691836
260.9345229
0.6692498
130.9913014
770.2210961
317.0576940
482.6037793
130.8196308
455.4446063
150.3358121
129.1167968
431.4342702
104.8367318
60.2137617
314.9299317
484.8279976
229.5744252
75.6939605
61.8564638
243.1199072
435.8351114
404.2511248
368.2324724
466.3323674
677.9029855
181.9129957
52.8685395
189.5370964
349.1473891
213.1946201
59.7451065
495.8470963
81.7470001
82.7456813
735.2482574
519.3829190
128.7098533
103.9099145
289.5338196
966.1618811
929.3810725
117.2224078
797.1064320
764.5956156
19.5112284
273.8536460
640.2115854
459.3350052
348.4763224
560.8520304
408.8558461
431.1715372
692.1517175
247.1662738
30.0664009
290.1884495
964.0136202
157.4444248
293.7558055
121.9281405
489.7358290
154.6813010
612.2839707
65.4656615
269.5140825
88.4504137
106.8048674
705.1073396
509.2828291
377.8311096
595.5484614
328.6388112
205.5379623
541.0189943
450.1063361
278.4836436
357.4017348
146.6911702
137.6954785
71.9572065
228.4217619
110.5204044
813.5763692
189.4068814
453.4133658
186.3249929
250.6583051
265.5710870
174.9262096
439.8424586
366.9239960
503.5054391
376.8061350
165.4646230
303.8488047
142.3071564
348.2378912
608.8831023
378.3064901
633.2401534
495.7311711
151.2220257
317.4186794
322.9383152
115.3295263
546.9209375
29.7992614
508.0118009
267.1377080
377.2497063
592.1927929
392.2069804
114.5905755
88.7928512
510.2606176
121.0979483
703.4278143
318.0551931
768.6026282
116.3119593
494.5223012
351.0448010
382.4992662
261.9238897
190.5414699
389.7390395
321.5924827
661.1459748
602.2076054
358.6627368
327.2879099
683.3337398
454.8884482
446.5832298
155.4942852
127.4561110
314.1998331
159.8483943
382.5866626
98.1090579
230.7728095
258.8165373
340.0555262
70.5053190
226.5985038
473.5274706
184.6277323
533.2654953
341.4018183
392.1495002
246.4264596
678.7857294
273.3647016
689.0536989
482.4681711
39.1826803
103.6594873
502.5893424
162.9458839
0.9884038
602.9947064
942.6487820
231.3548013
258.8943220
319.5064351
411.3295303
278.3324989
747.3674855
491.7481817
409.3227119
296.2136913
497.1383736
514.0258585
184.1425642
308.8332884
357.5506473
494.0317504
482.0503501
105.4813839
754.2299606
298.6460576
217.3015312
